#===============================================================================
| DISK PACKING PROBLEM 
| Model : disk-packing-equiv.mod 
| Data  : disk-packing-equiv.dat 
| Solver: KNITRO 
| Author: Giacomo Marciani <gmarciani@acm.org> 
|         Michele Porretta <mporretta@acm.org> 
|
| Parameters: 
|  N: 135 
#==============================================================================

Local optimizations: 827

#===============================================================================

Objective (distance): 0.097430329016

#===============================================================================

Solution:
[1] (0.164202198514,0.202008465156)
[2] (0.084377211404,0.048715188069)
[3] (0.999999990779,0.799441503969)
[4] (0.405216730344,0.870647050302)
[5] (0.498302407221,0.499979229087)
[6] (0.999999993002,0.200517858939)
[7] (0.084376959840,0.452777975551)
[8] (0.832943236668,0.100258888651)
[9] (0.582666568426,0.548716902438)
[10] (0.920175354628,0.353856622904)
[11] (0.831245767181,0.604580590934)
[12] (0.915622877827,0.555865365683)
[13] (0.332956438625,0.104578063113)
[14] (0.439473293251,0.999999942165)
[15] (0.664269231102,0.704967927074)
[16] (0.167056936791,0.504321129438)
[17] (0.000000003836,0.902569651121)
[18] (0.168767750361,0.805162656470)
[19] (0.268285912240,0.999999998512)
[20] (0.085415999923,0.953129463601)
[21] (0.572274369101,0.770387431430)
[22] (0.497158395022,0.000000000747)
[23] (0.746868455600,0.555865648150)
[24] (0.584377284289,0.253574890722)
[25] (0.751434446672,0.256403116651)
[26] (0.831259099203,0.200539936264)
[27] (0.413925655312,0.451263384297)
[28] (0.266146256263,0.902593158666)
[29] (0.167056634033,0.704838828382)
[30] (0.999999997104,0.000000004649)
[31] (0.418477808165,0.653317909192)
[32] (0.835798156466,0.402571689816)
[33] (0.084389143414,0.756401983205)
[34] (0.748646235575,0.753683327858)
[35] (0.000000001449,0.604579720860)
[36] (0.332943124539,0.299462170163)
[37] (0.831246317591,0.702012232944)
[38] (0.917333095746,0.851005607542)
[39] (0.542147336660,0.999999966571)
[40] (0.999999997256,0.409719816008)
[41] (0.586074605900,0.153316711841)
[42] (0.248565796164,0.348177035586)
[43] (0.084377243433,0.146145616564)
[44] (0.999999999431,0.297993438115)
[45] (0.249736876644,0.555864342447)
[46] (0.999999996721,0.507150154293)
[47] (0.913817949509,0.954554074257)
[48] (0.914672224317,0.752375467111)
[49] (0.667057216089,0.305118129696)
[50] (0.827635504671,0.999999960501)
[51] (0.332943305315,0.202031310549)
[52] (0.334100704328,0.507126128202)
[53] (0.733606700427,0.974478694161)
[54] (0.168740838927,0.404039797256)
[55] (0.665886424948,0.000000012683)
[56] (0.831245638478,0.507150194897)
[57] (0.331245738300,0.399720192209)
[58] (0.415623096953,0.351005397723)
[59] (0.334100881886,0.702033451838)
[60] (0.502841603294,0.604579629972)
[61] (0.581522393115,0.048737923096)
[62] (0.249736678122,0.653295804386)
[63] (0.334113620100,0.604580255889)
[64] (0.164188873068,0.299461489779)
[65] (0.000000000405,0.306586190779)
[66] (0.417320424458,0.153316057029)
[67] (0.831335937393,0.805210841844)
[68] (0.000000105641,0.999999993548)
[69] (0.000000027538,0.000000005138)
[70] (0.320826869805,0.821953838732)
[71] (0.915623160350,0.151802114281)
[72] (0.667056884381,0.402549156043)
[73] (0.831369560814,0.902641197099)
[74] (0.487911257367,0.819127111912)
[75] (0.170855197288,0.999999995936)
[76] (0.665899271129,0.097453543717)
[77] (0.403506970172,0.770410939713)
[78] (0.501697339159,0.202031672552)
[79] (0.248579330297,0.153293284466)
[80] (0.661102275365,0.606805557282)
[81] (0.999999986151,0.604580685533)
[82] (0.353879523231,0.953455166878)
[83] (0.084363907778,0.355324269374)
[84] (0.498303047824,0.402548657500)
[85] (0.000000025835,0.097430342697)
[86] (0.751434020313,0.353833939161)
[87] (0.915635908441,0.249255676261)
[88] (0.999999997919,0.103086415216)
[89] (0.000000002225,0.805096394105)
[90] (0.417333720118,0.055863141622)
[91] (0.417320225880,0.250746911714)
[92] (0.500000170160,0.302290108798)
[93] (0.748579189659,0.148996732718)
[94] (0.248566168227,0.250746534493)
[95] (0.082679930930,0.656122898458)
[96] (0.746868816895,0.653296093180)
[97] (0.917320083302,0.051543207311)
[98] (0.664489636154,0.905808248266)
[99] (0.751421031228,0.451286883127)
[100] (0.572247644150,0.672957043352)
[101] (0.746975564116,0.853955101143)
[102] (0.165359938338,0.604579855318)
[103] (0.337508908378,0.000000041791)
[104] (0.668754532892,0.204859905621)
[105] (0.915622795932,0.458434955398)
[106] (0.251420784988,0.455582941287)
[107] (0.168715923449,0.902593142992)
[108] (0.835811247611,0.305118879857)
[109] (0.082679995072,0.553036646210)
[110] (0.639577788752,0.999999979079)
[111] (0.834640165219,0.000000004290)
[112] (0.667043966622,0.500002181533)
[113] (0.487883868276,0.721695351913)
[114] (0.253131602829,0.048715095867)
[115] (0.582680097348,0.353833334259)
[116] (0.084364752778,0.853833018457)
[117] (0.251420824671,0.753576423886)
[118] (0.664285782742,0.802427639464)
[119] (0.999999984569,0.702011140298)
[120] (0.582679814854,0.451264486200)
[121] (0.750263306724,0.048715673151)
[122] (0.079824946791,0.250723438071)
[123] (0.490810385273,0.917191726346)
[124] (0.000000008950,0.404062420735)
[125] (0.000000000056,0.707666064784)
[126] (0.000000002875,0.194860676578)
[127] (0.574784829993,0.867785493508)
[128] (0.501697711765,0.104601097693)
[129] (0.168754380151,0.000000011366)
[130] (0.000000007955,0.501493519134)
[131] (0.418477442064,0.555841990854)
[132] (0.999999983463,0.999999998809)
[133] (0.915622841191,0.653295931088)
[134] (0.168754419562,0.097430410837)
[135] (0.999999999270,0.902569667965)