#===============================================================================
| DISK PACKING PROBLEM 
| Model : disk-packing-equiv.mod 
| Data  : disk-packing-equiv.dat 
| Solver: KNITRO 
| Author: Giacomo Marciani <gmarciani@acm.org> 
|         Michele Porretta <mporretta@acm.org> 
|
| Parameters: 
|  N: 100 
#==============================================================================

Local optimizations: 1428

#===============================================================================

Objective (distance): 0.114560911322

#===============================================================================

Solution:
[1] (0.687351887004,0.603115277365)
[2] (0.624523783167,0.102247182502)
[3] (0.458243649497,0.000000051615)
[4] (0.687365471812,0.999999999631)
[5] (0.801926388199,0.999999959158)
[6] (0.784303559482,0.115117918327)
[7] (0.992777733597,0.228893940479)
[8] (0.744645824866,0.900787280663)
[9] (0.515526456016,0.303683228631)
[10] (0.286402790908,0.303657007321)
[11] (0.114560922296,0.204444040088)
[12] (0.999999996847,0.343226968870)
[13] (0.343683140424,0.402869890905)
[14] (0.055779688617,0.701389480945)
[15] (0.114560912334,0.999999990976)
[16] (0.630087641778,0.503887272051)
[17] (0.057267628833,0.502089540521)
[18] (0.229121841180,0.204444075262)
[19] (0.343639187605,0.799745599658)
[20] (0.572804595083,0.204469195686)
[21] (0.786590225525,0.462667301011)
[22] (0.343682760116,0.204444020675)
[23] (0.999999998249,0.807018207659)
[24] (0.458244091028,0.402894822146)
[25] (0.687189620634,0.006345162758)
[26] (0.999999992244,0.572086051580)
[27] (0.171819802129,0.700519949072)
[28] (0.286401954527,0.900763637632)
[29] (0.166280076302,0.102222027821)
[30] (0.635296153002,0.301751261384)
[31] (0.000000010429,0.402869437303)
[32] (0.229121830176,0.601295097072)
[33] (0.916487304413,0.999999997163)
[34] (0.900787329618,0.057280472881)
[35] (0.051719103845,0.102222090815)
[36] (0.114546174299,0.799736568223)
[37] (0.572790972387,0.603090610947)
[38] (0.114560914740,0.601294822955)
[39] (0.229121825035,0.000000031456)
[40] (0.899138881250,0.632321639507)
[41] (0.687191003435,0.198148303164)
[42] (0.458243678966,0.204444155790)
[43] (0.000000002047,0.601317382398)
[44] (0.687307846508,0.801541397306)
[45] (0.057280574621,0.303656807475)
[46] (0.400941660218,0.700545308611)
[47] (0.171841597853,0.502082255734)
[48] (0.171841005159,0.900787103840)
[49] (0.395401940112,0.102222016079)
[50] (0.515489144700,0.702300689204)
[51] (0.000000000643,0.000000031261)
[52] (0.000000000478,0.999999979169)
[53] (0.458243659897,0.601325136400)
[54] (0.999999999389,0.114560912267)
[55] (0.572804559884,0.999999992140)
[56] (0.630050075993,0.702315630107)
[57] (0.343682743396,0.601319963994)
[58] (0.887843140108,0.885384570125)
[59] (0.895707484754,0.289734475632)
[60] (0.687352366548,0.404665479771)
[61] (0.801868757977,0.801541432504)
[62] (0.796494794775,0.232454057478)
[63] (0.114560992710,0.402869622905)
[64] (0.999999997336,0.921579124218)
[65] (0.786072304106,0.346539904683)
[66] (0.769897117370,0.690065485034)
[67] (0.630084838540,0.900787215730)
[68] (0.896999672240,0.517780697060)
[69] (0.000000000311,0.801574121353)
[70] (0.509962863698,0.102222095798)
[71] (0.229092609257,0.801557775297)
[72] (0.458186024860,0.801541330592)
[73] (0.114560912829,0.000000020435)
[74] (0.057280058473,0.900787048799)
[75] (0.280841011661,0.102222049164)
[76] (0.400964865740,0.303657865942)
[77] (0.343682737256,0.000000023164)
[78] (0.572804561746,0.000000013362)
[79] (0.286380728504,0.700520226521)
[80] (0.171841588410,0.303656922732)
[81] (0.885285030325,0.403820304900)
[82] (0.229121824220,0.999999850170)
[83] (0.229122167374,0.402869626626)
[84] (0.572746935689,0.801528843707)
[85] (0.400967713666,0.502109873548)
[86] (0.400962907883,0.900787109791)
[87] (0.902522342263,0.746832581722)
[88] (0.893565043264,0.171613511724)
[89] (0.999999999781,0.686646963210)
[90] (0.000000003497,0.204444152031)
[91] (0.994515239776,0.457656510093)
[92] (0.458243647994,0.999999841640)
[93] (0.343682736100,0.999999976806)
[94] (0.515534986870,0.502117675062)
[95] (0.515523875383,0.900778893605)
[96] (0.798873904610,0.576903769238)
[97] (0.572805043929,0.402897868671)
[98] (0.801574678739,0.000000000998)
[99] (0.286405457033,0.502084212061)
[100] (0.999999992972,0.000000000449)
