#===============================================================================
| DISK PACKING PROBLEM 
| Model : disk-packing-equiv.mod 
| Data  : disk-packing-equiv.dat 
| Solver: KNITRO 
| Author: Giacomo Marciani <gmarciani@acm.org> 
|         Michele Porretta <mporretta@acm.org> 
|
| Parameters: 
|  N: 145 
#==============================================================================

Elapsed time: 21387.000000000000
Local optimizations: 1761

#===============================================================================

Objective (distance): 0.093783965403

#===============================================================================

Solution:
[1] (0.718645807149,0.837555866545)
[2] (0.437266048626,0.743771391652)
[3] (0.718648779452,0.487544255636)
[4] (0.999999998704,0.487342119474)
[5] (0.906216030953,0.999999329116)
[6] (0.624860114472,0.649986444844)
[7] (0.343512022623,0.000000005508)
[8] (0.624864092652,0.000000397357)
[9] (0.577973603428,0.243664164293)
[10] (0.953112854710,0.243669893232)
[11] (0.859324925993,0.568763597681)
[12] (0.249688774407,0.743767757072)
[13] (0.095024664195,0.247571125231)
[14] (0.437290679899,0.837556001724)
[15] (0.343513895053,0.487541662673)
[16] (0.624864127984,0.999999387743)
[17] (0.953112264345,0.081223559779)
[18] (0.718648046601,0.162443809946)
[19] (0.081454815300,0.943019732503)
[20] (0.162201255306,0.520993606805)
[21] (0.390404891576,0.243658328703)
[22] (0.192930357835,0.237067474394)
[23] (0.531081331204,0.487542989432)
[24] (0.671757589865,0.081222030264)
[25] (0.531080117044,0.000000003672)
[26] (0.343504172044,0.837550256407)
[27] (0.390398463182,0.918776063603)
[28] (0.812420515268,0.743771424550)
[29] (0.296477096941,0.568688766840)
[30] (0.624864064570,0.162442808695)
[31] (0.812430379569,0.649986417172)
[32] (0.999999759758,0.837554949519)
[33] (0.000000001385,0.896538060745)
[34] (0.812432028493,0.162444501265)
[35] (0.081219296687,0.379908879163)
[36] (0.000000005622,0.520584900705)
[37] (0.390403951646,0.081219358501)
[38] (0.296612650483,0.918774171082)
[39] (0.859329551573,0.406116101438)
[40] (0.052422400819,0.161467961740)
[41] (0.000000001416,0.615186280974)
[42] (0.718631911914,0.743770641858)
[43] (0.671759769206,0.406110963890)
[44] (0.671754568943,0.918777497367)
[45] (0.718648068219,0.000000503950)
[46] (0.170256964602,0.418170599737)
[47] (0.953114676448,0.406117791180)
[48] (0.812430551780,0.837556431567)
[49] (0.718648055857,0.324887995474)
[50] (0.999997694808,0.743769607743)
[51] (0.624865056772,0.487329973465)
[52] (0.437296192678,0.999999458181)
[53] (0.343512225029,0.999999583080)
[54] (0.081462654212,0.755451900745)
[55] (0.765544278539,0.406111613918)
[56] (0.296622227696,0.406097682569)
[57] (0.249730196795,0.487316955826)
[58] (0.531080097202,0.324884469161)
[59] (0.531075920811,0.837555260428)
[60] (0.437296100178,0.162438580412)
[61] (0.859326947185,0.081223077922)
[62] (0.953110519442,0.918777205058)
[63] (0.484190871660,0.406106510113)
[64] (0.202835005247,0.081219063492)
[65] (0.531054678371,0.743770053780)
[66] (0.000000064969,0.239232635505)
[67] (0.953234176384,0.568690743862)
[68] (0.812432511263,0.487334003645)
[69] (0.000000040275,0.083703297249)
[70] (0.081219313940,0.473692875486)
[71] (0.000892319782,0.999365708180)
[72] (0.671758061426,0.243665631916)
[73] (0.343477867021,0.649976717560)
[74] (0.906215192997,0.837555626646)
[75] (0.162758649010,0.708562624924)
[76] (0.437297614658,0.487326043130)
[77] (0.080981966439,0.567885605849)
[78] (0.437296117739,0.324882779337)
[79] (0.859327495587,0.243668502653)
[80] (0.765539580868,0.918777851953)
[81] (0.098941397983,0.074747197797)
[82] (0.624860960573,0.837556275888)
[83] (0.162759407581,0.614777034338)
[84] (0.437296085241,0.000000045418)
[85] (0.999999993034,0.324893317037)
[86] (0.624843298904,0.743771360585)
[87] (0.155584275044,0.000000487390)
[88] (0.000000003551,0.426800887137)
[89] (0.531074075318,0.649984846336)
[90] (0.671753806369,0.568763424476)
[91] (0.718645264350,0.649985416692)
[92] (0.577973132474,0.081221339770)
[93] (0.531080082397,0.162441474305)
[94] (0.390393908118,0.568768443587)
[95] (0.343511921077,0.162439146687)
[96] (0.155944289747,0.999999998188)
[97] (0.577968795318,0.568765572359)
[98] (0.906216019257,0.000000602055)
[99] (0.081535904794,0.661667949649)
[100] (0.343512138415,0.324877185185)
[101] (0.343477418652,0.743763490986)
[102] (0.531080160330,0.999999457977)
[103] (0.999999757161,0.649984265490)
[104] (0.000000040388,0.333016687977)
[105] (0.999999991777,0.162446556249)
[106] (0.249728157518,0.324879234338)
[107] (0.484188738348,0.081219655647)
[108] (0.577975213114,0.406108433603)
[109] (0.169530183171,0.905473036116)
[110] (0.296619887425,0.081219232413)
[111] (0.390406501843,0.406104937983)
[112] (0.718648095640,0.999999377469)
[113] (0.000001271976,0.708970250683)
[114] (0.249728257385,0.999999280465)
[115] (0.765542624394,0.243666584400)
[116] (0.812432043754,0.000000549301)
[117] (0.249727570025,0.000000022985)
[118] (0.765542153756,0.081222468717)
[119] (0.042299112499,0.000000028516)
[120] (0.296618730648,0.243658526979)
[121] (0.906209109805,0.743770396953)
[122] (0.146037918342,0.155848388169)
[123] (0.906216010211,0.162445703752)
[124] (0.765539857868,0.568764959847)
[125] (0.859324795955,0.918777644636)
[126] (0.249689610409,0.649979019403)
[127] (0.577969472474,0.918777282549)
[128] (0.000110806879,0.802754156458)
[129] (0.249727771230,0.162438467818)
[130] (0.484189220682,0.243662505902)
[131] (0.484184304343,0.918776658765)
[132] (0.812432063297,0.999999339254)
[133] (0.437288791615,0.649986780999)
[134] (0.484180347062,0.568760391200)
[135] (0.906216246112,0.487542896739)
[136] (0.999999998609,0.999999315605)
[137] (0.999999994727,0.000000602831)
[138] (0.081567676608,0.849235821252)
[139] (0.812432035058,0.324888807183)
[140] (0.906215182949,0.649985166766)
[141] (0.162791000744,0.802348153673)
[142] (0.906216014072,0.324891867538)
[143] (0.155958222542,0.323256195450)
[144] (0.249717216695,0.837555093663)
[145] (0.624864076582,0.324886148182)