#===============================================================================
| DISK PACKING PROBLEM 
| Model : disk-packing-equiv.mod 
| Data  : disk-packing-equiv.dat 
| Solver: KNITRO 
| Author: Giacomo Marciani <gmarciani@acm.org> 
|         Michele Porretta <mporretta@acm.org> 
|
| Parameters: 
|  N: 75 
#==============================================================================

Local optimizations: 8

#===============================================================================

Objective (distance): 0.132394323923

#===============================================================================

Solution:
[1] (0.549928820809,0.639321569218)
[2] (0.114659268093,0.344817631247)
[3] (0.877234282106,0.864996072904)
[4] (0.999999221131,0.228296006448)
[5] (0.114656679862,0.212410631608)
[6] (0.768673344893,0.964009434358)
[7] (0.549921302198,0.506910917459)
[8] (0.225045591616,0.139313422560)
[9] (0.339704188863,0.205515741330)
[10] (0.454364758908,0.271714649338)
[11] (0.660309179394,0.433813565982)
[12] (0.435269545661,0.705518106075)
[13] (0.896087876250,0.999997542965)
[14] (0.435260998375,0.440710056426)
[15] (0.000001086253,0.411019287251)
[16] (0.664601605929,0.705550715705)
[17] (0.320609098980,0.639315220028)
[18] (0.205948821195,0.573113637323)
[19] (0.774968165727,0.500015105598)
[20] (0.999999399824,0.360696606209)
[21] (0.656027471877,0.294501201535)
[22] (0.114659332695,0.801402224294)
[23] (0.335427445956,0.066205558210)
[24] (0.549944167108,0.904119975251)
[25] (0.000000681168,0.867601133390)
[26] (0.000001075280,0.543421132850)
[27] (0.320606170707,0.506913881665)
[28] (0.885341689602,0.294496345922)
[29] (0.908716858270,0.000000723684)
[30] (0.999999360521,0.095897501542)
[31] (0.564744799583,0.198603766164)
[32] (0.000000794152,0.146205834070)
[33] (0.641254669907,0.999996578306)
[34] (0.343978088121,0.933808284385)
[35] (0.229316181574,0.999999522821)
[36] (0.679398245158,0.000000760830)
[37] (0.545649298615,0.367613463948)
[38] (0.999998744674,0.639343483525)
[39] (0.458642009942,0.999998975201)
[40] (0.664581165842,0.573113555828)
[41] (0.000002511511,0.000003787588)
[42] (0.343975265606,0.344812339504)
[43] (0.220771802605,0.000001210338)
[44] (0.229319097433,0.411018602421)
[45] (0.770686032366,0.360699569232)
[46] (0.679400375975,0.132399733490)
[47] (0.205950688263,0.705513732354)
[48] (0.779239410678,0.639317883048)
[49] (0.677358095517,0.868134121378)
[50] (0.229314906345,0.278612404518)
[51] (0.794057672295,0.066197854838)
[52] (0.450085218756,0.132406617970)
[53] (0.114660341749,0.477220492815)
[54] (0.885343555926,0.426899126587)
[55] (0.770683065494,0.228297135683)
[56] (0.999999569009,0.493100885555)
[57] (0.320610836081,0.771715486155)
[58] (0.564740643605,0.066200992858)
[59] (0.999997387537,0.917947746675)
[60] (0.999997762366,0.785546679703)
[61] (0.450082718749,0.000000987958)
[62] (0.110389023733,0.073107724228)
[63] (0.091290812998,0.639312700147)
[64] (0.549928657313,0.771722593822)
[65] (0.889610473122,0.712444751659)
[66] (0.889625860224,0.566218975237)
[67] (0.229318203104,0.867602511665)
[68] (0.885340359895,0.162095687524)
[69] (0.435270508942,0.837920950813)
[70] (0.000000734901,0.735202532936)
[71] (0.435267141408,0.573116287269)
[72] (0.000000933290,0.999999025047)
[73] (0.774978774293,0.778693481610)
[74] (0.114658792041,0.933800482826)
[75] (0.000000950087,0.278615439600)
