#===============================================================================
| DISK PACKING PROBLEM 
| Model : disk-packing-equiv.mod 
| Data  : disk-packing-equiv.dat 
| Solver: KNITRO 
| Author: Giacomo Marciani <gmarciani@acm.org> 
|         Michele Porretta <mporretta@acm.org> 
|
| Parameters: 
|  N: 50 
#==============================================================================

Elapsed time: 0.017013000000
Local optimizations: 2

#===============================================================================

Objective (distance): 0.166454622859

#===============================================================================

Solution:
[1] (0.665892679338,0.711741072621)
[2] (0.000000009776,0.289427310391)
[3] (0.903770678673,0.000000000302)
[4] (0.999999999769,0.712337804299)
[5] (0.062311305980,0.843775894335)
[6] (0.832432017624,0.999999999442)
[7] (0.451800618087,0.405049304865)
[8] (0.201290052221,0.261060877221)
[9] (0.499353346058,0.999999999262)
[10] (0.665977394215,0.999999999305)
[11] (0.737231340927,0.288258923789)
[12] (0.403124011767,0.000000000909)
[13] (0.999999999473,0.135819953035)
[14] (0.368301393100,0.549045908497)
[15] (0.000000000495,0.998127713339)
[16] (0.832988699128,0.712014966800)
[17] (0.284789316374,0.117064267030)
[18] (0.166444094136,0.999999998645)
[19] (0.999999998486,0.424029930082)
[20] (0.820458646987,0.144104986665)
[21] (0.570135313997,0.287985040273)
[22] (0.166454624655,0.000000000725)
[23] (0.332898717891,0.999999999566)
[24] (0.486907951129,0.143831132211)
[25] (0.000000000666,0.000000004510)
[26] (0.000000046313,0.689423846528)
[27] (0.285073975339,0.404892025495)
[28] (0.916216008445,0.856168901366)
[29] (0.570691929574,0.000000006315)
[30] (0.916687969113,0.279924940437)
[31] (0.582665369634,0.855895007241)
[32] (0.000000101136,0.522969005965)
[33] (0.833460667507,0.424078880199)
[34] (0.368573234917,0.260895409346)
[35] (0.082250279969,0.144713644279)
[36] (0.749676673585,0.567909976587)
[37] (0.499438052675,0.711741076104)
[38] (0.999999998816,0.999999999314)
[39] (0.653447353075,0.432090023484)
[40] (0.916772692970,0.568183869053)
[41] (0.164828410363,0.712636917001)
[42] (0.332898715783,0.711692128455)
[43] (0.118624426804,0.406198014499)
[44] (0.201851843819,0.550351926208)
[45] (0.653919300100,0.144153937274)
[46] (0.535112658254,0.549154286501)
[47] (0.249671306891,0.855846007071)
[48] (0.737146611566,0.000000000740)
[49] (0.749204705903,0.855846064800)
[50] (0.416126027800,0.855846066196)
