#===============================================================================
| DISK PACKING PROBLEM 
| Model : disk-packing-equiv.mod 
| Data  : disk-packing-equiv.dat 
| Solver: KNITRO 
| Author: Giacomo Marciani <gmarciani@acm.org> 
|         Michele Porretta <mporretta@acm.org> 
|
| Parameters: 
|  N: 125 
#==============================================================================

Local optimizations: 53

#===============================================================================

Objective (distance): 0.101173067088

#===============================================================================

Solution:
[1] (0.645894414874,0.175237044155)
[2] (0.190615353149,0.087618800169)
[3] (0.960791661896,0.357038315976)
[4] (0.949611882977,0.737023605553)
[5] (0.000000011768,0.236078762073)
[6] (0.702188426379,0.616374879843)
[7] (0.550428853186,0.704004569919)
[8] (0.392961519907,0.087618646672)
[9] (0.252924926810,0.912377067109)
[10] (0.348082709497,0.704004687191)
[11] (0.797653851572,0.087618475659)
[12] (0.544721310931,0.175237035258)
[13] (0.999999998638,0.824757136993)
[14] (0.201795867425,0.649210762413)
[15] (0.398669187244,0.616386192091)
[16] (0.803441426524,0.616419531617)
[17] (0.452675323769,0.889606374424)
[18] (0.089442271457,0.087618549533)
[19] (0.702031007470,0.966950640986)
[20] (0.797653860786,0.999999995883)
[21] (0.601015335448,0.616386089068)
[22] (0.101173069805,0.999999997756)
[23] (0.252382438459,0.736829197429)
[24] (0.553002005981,0.902665792960)
[25] (0.000000075043,0.437921060806)
[26] (0.000000001563,0.823495422288)
[27] (0.236237910076,0.353329975354)
[28] (0.797656933801,0.262857092020)
[29] (0.606408152361,0.999999994987)
[30] (0.752620293925,0.879330590056)
[31] (0.505550216945,0.992020824840)
[32] (0.049611399112,0.911817326403)
[33] (0.747067268550,0.000000005142)
[34] (0.494135455950,0.438092786323)
[35] (0.151751847566,0.912377070213)
[36] (0.645894184850,0.000000005661)
[37] (0.342371311339,0.350476821852)
[38] (0.999999998907,0.999999492287)
[39] (0.696482700135,0.262856484842)
[40] (0.803207558550,0.791700483822)
[41] (0.094007804416,0.478123272043)
[42] (0.190615741004,0.262856350888)
[43] (0.101165184399,0.824758684503)
[44] (0.241201778605,0.000000062305)
[45] (0.797659842566,0.438091286196)
[46] (0.544721083155,0.000000019627)
[47] (0.291788435981,0.087618704916)
[48] (0.747067510349,0.175237038400)
[49] (0.696481815030,0.438092806271)
[50] (0.125246717971,0.183111343667)
[51] (0.696480772504,0.087618485521)
[52] (0.494135199025,0.262855735330)
[53] (0.090968191741,0.280359504491)
[54] (0.898826930076,0.087618420885)
[55] (0.752775661661,0.703992930434)
[56] (0.981513739860,0.549803147091)
[57] (0.291788963694,0.438099843666)
[58] (0.544721935219,0.350474296992)
[59] (0.999999797138,0.649289532355)
[60] (0.898831007794,0.262853223342)
[61] (0.342375030097,0.175237250596)
[62] (0.000000005245,0.134905675639)
[63] (0.190822274505,0.444563066854)
[64] (0.600861417706,0.791711733228)
[65] (0.848240600483,0.175236987558)
[66] (0.999999366227,0.450320255782)
[67] (0.113841108626,0.378913182697)
[68] (0.854023909718,0.527948347116)
[69] (0.443548184216,0.175237204506)
[70] (0.151194650101,0.561583876303)
[71] (0.303519209612,0.999999985006)
[72] (0.100622797937,0.649210867293)
[73] (0.848240346182,0.000000001064)
[74] (0.291788835780,0.262855968125)
[75] (0.001563395617,0.001666859920)
[76] (0.645895160514,0.350474355605)
[77] (0.392961951463,0.262855899263)
[78] (0.949416179782,0.000000244357)
[79] (0.041186126171,0.731084710660)
[80] (0.342374881039,0.000000046878)
[81] (0.848247636226,0.350473531375)
[82] (0.443548766835,0.350474250917)
[83] (0.297496116279,0.616386192134)
[84] (0.303511325922,0.824758532693)
[85] (0.404692280111,0.999999972777)
[86] (0.550419074623,0.528762086603)
[87] (0.752853085369,0.528801546530)
[88] (0.949416613906,0.912378219456)
[89] (0.449245971115,0.528762106626)
[90] (0.449255781787,0.704004637839)
[91] (0.651592162072,0.528762035294)
[92] (0.747069287969,0.350474899272)
[93] (0.595308516595,0.262855867138)
[94] (0.651447220133,0.879330605081)
[95] (0.140028675976,0.000000009488)
[96] (0.494134604229,0.087618582031)
[97] (0.853949733872,0.704085667028)
[98] (0.007135677534,0.336999910684)
[99] (0.848243145979,0.912379958121)
[100] (0.899623663407,0.437632703393)
[101] (0.499842258891,0.616386148063)
[102] (0.500045740864,0.800208177093)
[103] (0.202346139400,0.999999994841)
[104] (0.000000001293,0.638673185937)
[105] (0.202338255107,0.824758545264)
[106] (0.246899702844,0.528773123061)
[107] (0.392962311074,0.438092751824)
[108] (0.999999983840,0.263767054081)
[109] (0.999999998871,0.087621031538)
[110] (0.950179097667,0.175677978116)
[111] (0.012674457011,0.538297130550)
[112] (0.399211580189,0.791933977716)
[113] (0.898826930143,0.999999997041)
[114] (0.898826929153,0.824759915520)
[115] (0.595308603934,0.438092794060)
[116] (0.151209354749,0.736829319159)
[117] (0.354098004781,0.912377042999)
[118] (0.000000001084,0.999997189340)
[119] (0.348072861023,0.528762086709)
[120] (0.595307690438,0.087618488292)
[121] (0.241201764755,0.175237465667)
[122] (0.702034488297,0.791711704929)
[123] (0.651602171558,0.704004379935)
[124] (0.904611530340,0.615567628746)
[125] (0.443547982594,0.000000034793)