#===============================================================================
| DISK PACKING PROBLEM 
| Model : disk-packing.mod 
| Data  : disk-packing.dat 
| Solver: KNITRO 
| Author: Giacomo Marciani <gmarciani@acm.org> 
|         Michele Porretta <mporretta@acm.org> 
|
| Parameters: 
|  N: 135 
#===============================================================================

Local optimizations: 6

#===============================================================================

Objective (radius): 0.044334784689

#===============================================================================

Solution:
[1] (0.648504819334,0.133004378946)
[2] (0.044334786797,0.232472403188)
[3] (0.955665214020,0.504105640386)
[4] (0.955665204851,0.681445327452)
[5] (0.121124872735,0.814449369896)
[6] (0.728676470359,0.642509328478)
[7] (0.576790447005,0.822661397727)
[8] (0.192839655009,0.229885615113)
[9] (0.346419835562,0.955665214272)
[10] (0.423209960721,0.822660815359)
[11] (0.655267796958,0.592775438040)
[12] (0.654654960134,0.955664899934)
[13] (0.955665212361,0.780913031100)
[14] (0.500004345982,0.955665214208)
[15] (0.044334789352,0.681444986002)
[16] (0.796068543488,0.882209844225)
[17] (0.346419860385,0.318555198201)
[18] (0.121124889362,0.371101457362)
[19] (0.872858663581,0.837875046985)
[20] (0.955665210720,0.869582604418)
[21] (0.653580106616,0.866997387236)
[22] (0.273011169266,0.817261793748)
[23] (0.197914884683,0.044334787815)
[24] (0.576790164569,0.451559589993)
[25] (0.192839677491,0.955665212669)
[26] (0.117743436303,0.182738478301)
[27] (0.273011203516,0.368289113382)
[28] (0.807160265991,0.778326620717)
[29] (0.576790047575,0.274220217656)
[30] (0.730370404962,0.733991409574)
[31] (0.428285305949,0.548440652279)
[32] (0.044334787553,0.592775407265)
[33] (0.653580270529,0.778326134387)
[34] (0.494924619253,0.044334789701)
[35] (0.349801302327,0.412623904860)
[36] (0.496618498266,0.135816707714)
[37] (0.346419748925,0.141215846930)
[38] (0.878875113165,0.088669582633)
[39] (0.653580180007,0.407224653964)
[40] (0.802085016970,0.221673971889)
[41] (0.044334787223,0.326766667901)
[42] (0.196221103032,0.323954324232)
[43] (0.121124891886,0.459771040825)
[44] (0.194533478309,0.138403587514)
[45] (0.728676476251,0.543041543690)
[46] (0.580171590818,0.545628295402)
[47] (0.197914993863,0.504105835621)
[48] (0.878875117646,0.266008762711)
[49] (0.653580260260,0.495894398440)
[50] (0.119431002025,0.279619535392)
[51] (0.419828397311,0.091481917549)
[52] (0.344732181020,0.044334788695)
[53] (0.121124890440,0.637110194636)
[54] (0.878875227452,0.637110297237)
[55] (0.725294918531,0.177339173657)
[56] (0.807160338159,0.407224603632)
[57] (0.274705094420,0.459771045912)
[58] (0.499999986137,0.318555074452)
[59] (0.955665212298,0.133004377694)
[60] (0.955665211449,0.404637808953)
[61] (0.577296080415,0.912203821530)
[62] (0.196221041879,0.861596566041)
[63] (0.121124832727,0.088669662034)
[64] (0.499999949891,0.229885424681)
[65] (0.802085015066,0.044334788015)
[66] (0.878875113143,0.177339171825)
[67] (0.269629690861,0.185550712842)
[68] (0.648504816128,0.044334788247)
[69] (0.503381503596,0.684257420626)
[70] (0.044334785499,0.044334786151)
[71] (0.269629758022,0.274220406155)
[72] (0.044334788193,0.415436249715)
[73] (0.802085149431,0.592775450183)
[74] (0.346419882545,0.866995640822)
[75] (0.044334786222,0.858784182729)
[76] (0.730370244792,0.362889803158)
[77] (0.500000058509,0.407224801243)
[78] (0.882256499919,0.731179201002)
[79] (0.197914987466,0.681444987779)
[80] (0.274705098691,0.637110219153)
[81] (0.882256554842,0.454371729845)
[82] (0.576790079188,0.362889870916)
[83] (0.346419790556,0.229885497837)
[84] (0.349801262413,0.772926965288)
[85] (0.271323532008,0.094068715712)
[86] (0.423209849819,0.185550635540)
[87] (0.845733492752,0.955665205364)
[88] (0.955665213339,0.310343561706)
[89] (0.580171623864,0.639922649018)
[90] (0.423209960788,0.362889993579)
[91] (0.730370271737,0.451559452754)
[92] (0.653580314401,0.689656546558)
[93] (0.745908177668,0.955361560901)
[94] (0.505075410386,0.592775480180)
[95] (0.197914985755,0.770114602918)
[96] (0.351495206532,0.592775443438)
[97] (0.803778896494,0.313155881559)
[98] (0.274705086235,0.548440644888)
[99] (0.725294915757,0.088669580325)
[100] (0.802085014500,0.133004375766)
[101] (0.428285302192,0.637110259517)
[102] (0.576790193444,0.733991297474)
[103] (0.423211328161,0.911332840546)
[104] (0.044334785685,0.770114561532)
[105] (0.121124891754,0.548440621387)
[106] (0.426591389414,0.728592204172)
[107] (0.500000036365,0.866995644235)
[108] (0.934403076523,0.955665211676)
[109] (0.955665214966,0.592775317896)
[110] (0.955665211506,0.044334789744)
[111] (0.044334788400,0.504105829636)
[112] (0.351495193149,0.681445036251)
[113] (0.805466484107,0.498706578549)
[114] (0.880568992271,0.357490683423)
[115] (0.571714719029,0.088669585193)
[116] (0.044334787360,0.133004549776)
[117] (0.351495190847,0.504105857746)
[118] (0.121124892766,0.725779785151)
[119] (0.426591395272,0.456958708636)
[120] (0.573408598919,0.180151498366)
[121] (0.119430932588,0.905931422856)
[122] (0.726988794911,0.268821090784)
[123] (0.650198697359,0.224486293467)
[124] (0.805466542843,0.686844165097)
[125] (0.500000085961,0.778326070920)
[126] (0.197914992443,0.415436248280)
[127] (0.269629758147,0.911330389301)
[128] (0.423209889434,0.274220284261)
[129] (0.503381499362,0.501293491125)
[130] (0.274705075582,0.725779796459)
[131] (0.653580143691,0.318555015961)
[132] (0.730370001606,0.822661567430)
[133] (0.044675115326,0.955261260386)
[134] (0.955665213081,0.221673964149)
[135] (0.878875144793,0.548440481767)
