#===============================================================================
| DISK PACKING PROBLEM 
| Model : disk-packing.mod 
| Data  : disk-packing.dat 
| Solver: KNITRO 
| Author: Giacomo Marciani <gmarciani@acm.org> 
|         Michele Porretta <mporretta@acm.org> 
|
| Parameters: 
|  N: 125 
#===============================================================================

Local optimizations: 187

#===============================================================================

Objective (radius): 0.045929908371

#===============================================================================

Solution:
[1] (0.546041682687,0.779942761527)
[2] (0.794611977074,0.091242556596)
[3] (0.284872312360,0.091692686666)
[4] (0.954037699696,0.643231720176)
[5] (0.315177656830,0.178443787950)
[6] (0.794969948067,0.275624672479)
[7] (0.954028581737,0.735117162433)
[8] (0.469974018723,0.721396579414)
[9] (0.205324120311,0.587106482836)
[10] (0.715347699963,0.413421239750)
[11] (0.455072757900,0.062759223787)
[12] (0.125682880408,0.632892511740)
[13] (0.794846181422,0.551334766705)
[14] (0.474032486879,0.546355381827)
[15] (0.874520776654,0.045931252237)
[16] (0.954067594831,0.183739618334)
[17] (0.714656966115,0.045933629857)
[18] (0.125517925928,0.183688993692)
[19] (0.954044789942,0.551346630826)
[20] (0.951188790433,0.951227461067)
[21] (0.444156614083,0.633228775325)
[22] (0.954059535420,0.367570192677)
[23] (0.874457715220,0.505391230454)
[24] (0.635769729679,0.183558991310)
[25] (0.364497342855,0.678999465265)
[26] (0.630194338912,0.082217149607)
[27] (0.394683670360,0.224524317747)
[28] (0.831452053483,0.954062789977)
[29] (0.715266953780,0.505336330332)
[30] (0.715402599145,0.321534496128)
[31] (0.284965503602,0.816889195422)
[32] (0.465244551842,0.940913731801)
[33] (0.474466686581,0.178795117984)
[34] (0.739578382779,0.954044269155)
[35] (0.205341494837,0.770837988916)
[36] (0.556411916654,0.137218533515)
[37] (0.045974269278,0.494771364997)
[38] (0.545518904172,0.045965874738)
[39] (0.394548298209,0.316609484512)
[40] (0.045935145006,0.678492644202)
[41] (0.647899166150,0.948004238642)
[42] (0.450620261752,0.811203223696)
[43] (0.635775565472,0.275471938052)
[44] (0.474110227138,0.454466418685)
[45] (0.954064239334,0.275662753805)
[46] (0.556116266733,0.505101014274)
[47] (0.205327643103,0.678972094826)
[48] (0.155965476191,0.362345836852)
[49] (0.635792770794,0.367370097106)
[50] (0.874510059279,0.137798565099)
[51] (0.315113313946,0.270470709637)
[52] (0.787347315066,0.841177490539)
[53] (0.556222542449,0.954061585770)
[54] (0.045935379731,0.770353201750)
[55] (0.874412288598,0.689145782999)
[56] (0.130792954733,0.916575130954)
[57] (0.364510474300,0.770860559683)
[58] (0.294584131160,0.908294277814)
[59] (0.635741533048,0.459278331454)
[60] (0.715401132526,0.229663050686)
[61] (0.794966020131,0.183748492295)
[62] (0.045948671071,0.045930630321)
[63] (0.364572230347,0.045944901484)
[64] (0.045937869797,0.137791184414)
[65] (0.474113857563,0.270698526941)
[66] (0.076488697402,0.316281138769)
[67] (0.125561626444,0.091789085615)
[68] (0.699061516024,0.871573911897)
[69] (0.125731297785,0.449109262603)
[70] (0.394520994821,0.408472160230)
[71] (0.394518941232,0.500334144125)
[72] (0.954068872052,0.091872787242)
[73] (0.714866734465,0.781056031611)
[74] (0.874524091091,0.229691448580)
[75] (0.556197101590,0.229457513494)
[76] (0.284907140827,0.633077928108)
[77] (0.205189332145,0.045932425894)
[78] (0.550949997050,0.596835995409)
[79] (0.235527299960,0.316390253095)
[80] (0.125703711529,0.724788698343)
[81] (0.314976345166,0.362512310878)
[82] (0.874434717012,0.597270459736)
[83] (0.522280968855,0.868693357439)
[84] (0.394998898814,0.132638624155)
[85] (0.794885137473,0.459434849630)
[86] (0.314962978243,0.454401244348)
[87] (0.284930405743,0.724951304639)
[88] (0.125671028618,0.540999868256)
[89] (0.374210750957,0.862208009671)
[90] (0.635611025501,0.551211540570)
[91] (0.474102602940,0.362586433964)
[92] (0.556194359314,0.413225473398)
[93] (0.611103230813,0.844911763744)
[94] (0.954057660709,0.827002798790)
[95] (0.156037293257,0.270338334965)
[96] (0.046871724724,0.954069434978)
[97] (0.954052840091,0.459460825307)
[98] (0.235614160740,0.224442590109)
[99] (0.045931994915,0.229651774493)
[100] (0.364460888325,0.587138316184)
[101] (0.794937308529,0.367531023270)
[102] (0.205282162535,0.862703881122)
[103] (0.125733362014,0.816691182150)
[104] (0.715236807328,0.597235355911)
[105] (0.874484002745,0.413507540399)
[106] (0.205102832477,0.137794968489)
[107] (0.555793958660,0.688587035283)
[108] (0.235421837495,0.408445901163)
[109] (0.635620410511,0.643105183042)
[110] (0.874377425692,0.781018208773)
[111] (0.715419406102,0.137794374698)
[112] (0.631138691151,0.742207257391)
[113] (0.794785662078,0.643271383392)
[114] (0.214895402400,0.954064915353)
[115] (0.045938293568,0.586632023252)
[116] (0.374279864719,0.954068954996)
[117] (0.556187337104,0.321345765843)
[118] (0.045937711258,0.862213707174)
[119] (0.794646021226,0.735303438957)
[120] (0.874507752736,0.321607990431)
[121] (0.715137305765,0.689163504483)
[122] (0.205331463106,0.495241344731)
[123] (0.874465779268,0.872888692498)
[124] (0.284900302747,0.541206728797)
[125] (0.045932312054,0.402910702307)
