#===============================================================================
| DISK PACKING PROBLEM 
| Model : disk-packing.mod 
| Data  : disk-packing.dat 
| Solver: KNITRO 
| Author: Giacomo Marciani <gmarciani@acm.org> 
|         Michele Porretta <mporretta@acm.org> 
|
| Parameters: 
|  N: 50 
#===============================================================================

Local optimizations: 52

#===============================================================================

Objective (radius): 0.071322471251

#===============================================================================

Solution:
[1] (0.570572125585,0.558076664284)
[2] (0.071322541032,0.273538572963)
[3] (0.926483450844,0.073772040415)
[4] (0.928585322461,0.680838259190)
[5] (0.141638943441,0.804566372689)
[6] (0.786032381061,0.928677278648)
[7] (0.343888762214,0.194856628776)
[8] (0.071322481164,0.416183585468)
[9] (0.499257278407,0.928677527641)
[10] (0.643387252636,0.928677424553)
[11] (0.795951270460,0.441875879151)
[12] (0.581898977315,0.071322473736)
[13] (0.928677527092,0.246968890064)
[14] (0.427927170585,0.558070670980)
[15] (0.071322472553,0.928675941554)
[16] (0.785799440156,0.681126866452)
[17] (0.171944349578,0.172430486118)
[18] (0.213967416136,0.928677527665)
[19] (0.724554101183,0.318384889533)
[20] (0.724573485183,0.071322471984)
[21] (0.427232650953,0.310620963418)
[22] (0.415211243925,0.071322478117)
[23] (0.356612362899,0.928677521060)
[24] (0.498555119006,0.187086812571)
[25] (0.071322493644,0.071322493520)
[26] (0.071322474659,0.680135199174)
[27] (0.212681773012,0.435292034742)
[28] (0.857583797976,0.804761868199)
[29] (0.569892389837,0.310612427683)
[30] (0.928677527103,0.389613836678)
[31] (0.571322089861,0.805574956772)
[32] (0.125453186024,0.548159987290)
[33] (0.713217080648,0.558076713501)
[34] (0.272566217367,0.071322489957)
[35] (0.243266895029,0.295964605739)
[36] (0.642645522504,0.682041366451)
[37] (0.499999522182,0.682040724225)
[38] (0.928677395014,0.928541939068)
[39] (0.641214891578,0.434152573787)
[40] (0.926146154033,0.537814480935)
[41] (0.285282214858,0.558079482784)
[42] (0.356612335030,0.681609224191)
[43] (0.213959771252,0.681613646517)
[44] (0.355319315979,0.433812088027)
[45] (0.795891351549,0.194859275712)
[46] (0.498569927616,0.434146578085)
[47] (0.285289884813,0.805143381472)
[48] (0.653236235394,0.194848083616)
[49] (0.714874355666,0.805048056875)
[50] (0.427934830572,0.805143367240)
