#===============================================================================
| DISK PACKING PROBLEM 
| Model : disk-packing.mod 
| Data  : disk-packing.dat 
| Solver: KNITRO 
| Author: Giacomo Marciani <gmarciani@acm.org> 
|         Michele Porretta <mporretta@acm.org> 
|
| Parameters: 
|  N: 25 
#===============================================================================

Local optimizations: 55

#===============================================================================

Objective (radius): 0.099999976808

#===============================================================================

Solution:
[1] (0.499999985507,0.099999998839)
[2] (0.100000013874,0.700000018755)
[3] (0.900000004364,0.500000017482)
[4] (0.700000000645,0.300000029632)
[5] (0.299999730402,0.899999983938)
[6] (0.500000020309,0.499999961900)
[7] (0.299999986552,0.099999934563)
[8] (0.300000004592,0.699999957022)
[9] (0.499999995999,0.699999965573)
[10] (0.300000031484,0.499999922399)
[11] (0.700000012163,0.500000012182)
[12] (0.699999990658,0.100000044690)
[13] (0.899999915608,0.900000013918)
[14] (0.699999988468,0.700000000851)
[15] (0.099999669522,0.899999986060)
[16] (0.899999994884,0.100000021533)
[17] (0.500000011067,0.299999968640)
[18] (0.099999987782,0.100000021576)
[19] (0.899999968800,0.300000019026)
[20] (0.899999985063,0.700000016008)
[21] (0.300000032869,0.299999922144)
[22] (0.100000052610,0.300000020835)
[23] (0.499999791131,0.899999983318)
[24] (0.699999852133,0.899999991289)
[25] (0.100000052869,0.500000019792)
