#===============================================================================
| DISK PACKING PROBLEM 
| Model : disk-packing.mod 
| Data  : disk-packing.dat 
| Solver: KNITRO 
| Author: Giacomo Marciani <gmarciani@acm.org> 
|         Michele Porretta <mporretta@acm.org> 
|
| Parameters: 
|  N: 145 
#===============================================================================

Local optimizations: 76

#===============================================================================

Objective (radius): 0.042823668261

#===============================================================================

Solution:
[1] (0.574345408510,0.728257184307)
[2] (0.105863743781,0.871646073014)
[3] (0.906960799830,0.883035990283)
[4] (0.955871464694,0.955826958701)
[5] (0.042840410231,0.471069623487)
[6] (0.693052411958,0.807486092226)
[7] (0.574663646861,0.385490265912)
[8] (0.425318317644,0.214108769093)
[9] (0.186960451469,0.899194993335)
[10] (0.273537860824,0.872817861102)
[11] (0.607147221382,0.955754167658)
[12] (0.435858882146,0.957173205429)
[13] (0.957154969029,0.128471731492)
[14] (0.339649497536,0.385452821181)
[15] (0.042824472803,0.929627906291)
[16] (0.808742426984,0.128495292188)
[17] (0.425304927865,0.385392783451)
[18] (0.117035098241,0.770876890678)
[19] (0.734537495773,0.257007204673)
[20] (0.821311168283,0.882921729964)
[21] (0.574567133667,0.642577339118)
[22] (0.191260041003,0.299767701779)
[23] (0.191252122901,0.813654790899)
[24] (0.660344486951,0.128501636374)
[25] (0.117047086036,0.428235160587)
[26] (0.117067710143,0.085590089539)
[27] (0.426291594198,0.128466751068)
[28] (0.808738654655,0.214164827838)
[29] (0.660286497192,0.471209612933)
[30] (0.660268242064,0.556916534123)
[31] (0.500145764343,0.085061042111)
[32] (0.042840931568,0.214122801158)
[33] (0.574620661435,0.471186009466)
[34] (0.425398668907,0.042823854376)
[35] (0.191235227524,0.642359129925)
[36] (0.734502615967,0.428374209007)
[37] (0.339647997416,0.556773963213)
[38] (0.957159062968,0.471062525892)
[39] (0.660248517649,0.642684280998)
[40] (0.734522476148,0.342684353499)
[41] (0.117060553215,0.171259389203)
[42] (0.339662984910,0.214139737514)
[43] (0.117044022996,0.513891225094)
[44] (0.265430772030,0.685221323780)
[45] (0.660348571593,0.214170561800)
[46] (0.500366555102,0.513995804230)
[47] (0.265474800159,0.342591007755)
[48] (0.808711549674,0.385521179166)
[49] (0.574687496053,0.214150917480)
[50] (0.191250012249,0.471063421040)
[51] (0.521510974716,0.957175948426)
[52] (0.339567321621,0.728121366849)
[53] (0.191282082924,0.128471998486)
[54] (0.882915525171,0.428327449561)
[55] (0.734542864561,0.085648432809)
[56] (0.957159025662,0.385414831184)
[57] (0.500477661650,0.171290466205)
[58] (0.574680223935,0.128488727671)
[59] (0.957175856655,0.813653269241)
[60] (0.957154548090,0.042824030099)
[61] (0.340382592558,0.299796321228)
[62] (0.042842137162,0.128473928366)
[63] (0.117037205982,0.599547241574)
[64] (0.607331651382,0.807316431458)
[65] (0.864079829923,0.957175990329)
[66] (0.808689511255,0.471210666357)
[67] (0.191250584884,0.556711277823)
[68] (0.734406600271,0.685700764585)
[69] (0.425303866966,0.556677847965)
[70] (0.042836867868,0.642367588915)
[71] (0.340323249234,0.471113413491)
[72] (0.042840987600,0.385420658244)
[73] (0.882930781083,0.342651918675)
[74] (0.191226589009,0.728006974080)
[75] (0.042842326025,0.042825097168)
[76] (0.660329906637,0.299843786962)
[77] (0.342396225067,0.813798104388)
[78] (0.882877202272,0.599685058903)
[79] (0.042824941811,0.813665481249)
[80] (0.265450092113,0.428251431786)
[81] (0.734469314166,0.514067402253)
[82] (0.478733560941,0.882976105992)
[83] (0.249998266890,0.957175747312)
[84] (0.265444099266,0.599565695154)
[85] (0.266828286390,0.773348140042)
[86] (0.499972530180,0.685737319686)
[87] (0.808652773461,0.556913847306)
[88] (0.882899205048,0.514004684527)
[89] (0.574677761074,0.042831381549)
[90] (0.574664873990,0.299820785717)
[91] (0.808621239831,0.642634061839)
[92] (0.778724173794,0.808584427903)
[93] (0.385748597473,0.887711824176)
[94] (0.734434852500,0.599796121550)
[95] (0.191256264380,0.385415560402)
[96] (0.428584388694,0.813545706460)
[97] (0.778431907420,0.957129828599)
[98] (0.123921805414,0.957175457550)
[99] (0.808752371768,0.728348541794)
[100] (0.882947626702,0.171306158361)
[101] (0.500462685874,0.428294593817)
[102] (0.517598395187,0.802649211005)
[103] (0.340201020924,0.642447968358)
[104] (0.042838943074,0.556718601103)
[105] (0.265513787712,0.085599057113)
[106] (0.339734901323,0.042831056104)
[107] (0.426231954677,0.471035309824)
[108] (0.957162056074,0.728005590260)
[109] (0.957159096647,0.556710217420)
[110] (0.957157831398,0.299767133312)
[111] (0.042834753595,0.728016572201)
[112] (0.426284631790,0.299750855166)
[113] (0.882941164985,0.256978691350)
[114] (0.870487331587,0.800640929987)
[115] (0.650020087358,0.881591060599)
[116] (0.117051606626,0.256920951313)
[117] (0.335646140804,0.957175943862)
[118] (0.042840924654,0.299771714697)
[119] (0.500405487028,0.599673238332)
[120] (0.426118958953,0.642321543574)
[121] (0.117049990566,0.342578771542)
[122] (0.660051138951,0.728401144308)
[123] (0.692783975459,0.957146321914)
[124] (0.808729556338,0.299840134054)
[125] (0.425218132186,0.727964360153)
[126] (0.265499561451,0.171263890389)
[127] (0.265460275772,0.256933635507)
[128] (0.500483782215,0.256952505558)
[129] (0.500447973592,0.342631717023)
[130] (0.265474028351,0.513907241982)
[131] (0.574604644626,0.556860940878)
[132] (0.660324307698,0.385521531029)
[133] (0.191261441386,0.214119844252)
[134] (0.957156253486,0.214119433067)
[135] (0.882868222838,0.685367368453)
[136] (0.191293347335,0.042824158374)
[137] (0.117028874200,0.685205120706)
[138] (0.660344487970,0.042835614803)
[139] (0.734543669016,0.171328473545)
[140] (0.808739749321,0.042831950992)
[141] (0.564370174559,0.881462680238)
[142] (0.957157475787,0.642357905474)
[143] (0.340424450417,0.128485680457)
[144] (0.882948419345,0.085627903606)
[145] (0.735661449428,0.882796995347)
