#===============================================================================
| DISK PACKING PROBLEM 
| Model : disk-packing.mod 
| Data  : disk-packing.dat 
| Solver: KNITRO 
| Author: Giacomo Marciani <gmarciani@acm.org> 
|         Michele Porretta <mporretta@acm.org> 
|
| Parameters: 
|  N: 100 
#===============================================================================

Local optimizations: 485

#===============================================================================

Objective (radius): 0.051395195658

#===============================================================================

Solution:
[1] (0.224657580608,0.051399783918)
[2] (0.845308349712,0.051395771384)
[3] (0.051407277318,0.229051134686)
[4] (0.414266312679,0.742978632742)
[5] (0.408863220301,0.331782103949)
[6] (0.154408501886,0.152398682343)
[7] (0.859488748382,0.383141000069)
[8] (0.278119095428,0.139198063248)
[9] (0.770447704339,0.640117975287)
[10] (0.635721384905,0.232893392504)
[11] (0.483677217992,0.143076906472)
[12] (0.859528699910,0.897222452531)
[13] (0.770475462520,0.948593434815)
[14] (0.434348785460,0.052856103482)
[15] (0.325203235394,0.588872175155)
[16] (0.414354313644,0.845797581855)
[17] (0.592310797662,0.640034494133)
[18] (0.051427813347,0.434643306225)
[19] (0.229985486617,0.230022752016)
[20] (0.592081415792,0.536839190206)
[21] (0.140461260244,0.794469641767)
[22] (0.859524224383,0.691581759398)
[23] (0.414291189076,0.640165928875)
[24] (0.503391731154,0.897197462655)
[25] (0.859511879625,0.588768570134)
[26] (0.533287810001,0.242570575169)
[27] (0.681431863492,0.794339627756)
[28] (0.143636783634,0.902881101129)
[29] (0.140577119342,0.383272909930)
[30] (0.592408860171,0.845762131591)
[31] (0.140928534079,0.588873488932)
[32] (0.121859663566,0.051402238055)
[33] (0.592386065212,0.742927613509)
[34] (0.586466163955,0.141792316372)
[35] (0.738598080146,0.233951818050)
[36] (0.330182713073,0.259070413851)
[37] (0.591826905553,0.327514192894)
[38] (0.235741163399,0.538237535539)
[39] (0.230221843954,0.332813733350)
[40] (0.948580244691,0.948604177065)
[41] (0.681380497073,0.691458048478)
[42] (0.592425045167,0.948594304377)
[43] (0.742615801362,0.055904327668)
[44] (0.859492920697,0.485955655347)
[45] (0.051403940205,0.743019644529)
[46] (0.051402675460,0.126253661303)
[47] (0.051486499025,0.948603396672)
[48] (0.770481549332,0.331683794405)
[49] (0.230034421636,0.435604811362)
[50] (0.503255824100,0.588619024124)
[51] (0.680380724107,0.484161236706)
[52] (0.770466409988,0.742941541771)
[53] (0.140472872087,0.486074999407)
[54] (0.681204526218,0.588386629372)
[55] (0.140424768192,0.280470100620)
[56] (0.319836398647,0.383275881896)
[57] (0.894717786533,0.141532769795)
[58] (0.792019754162,0.146095481357)
[59] (0.325273075300,0.897295307039)
[60] (0.431019236303,0.231389972892)
[61] (0.639922177868,0.051419598886)
[62] (0.051414053937,0.537435445511)
[63] (0.503334860210,0.691543537548)
[64] (0.948603844609,0.229067110146)
[65] (0.770479869515,0.845770675933)
[66] (0.680135904489,0.380857209204)
[67] (0.331567635130,0.051395829242)
[68] (0.380889004669,0.141617651582)
[69] (0.537130686986,0.051448356104)
[70] (0.229388355215,0.846037760414)
[71] (0.051403289220,0.845811620050)
[72] (0.948588240514,0.537440089310)
[73] (0.414360617040,0.948598798934)
[74] (0.948586689781,0.743022122328)
[75] (0.948585239664,0.434649086544)
[76] (0.324418594855,0.486022191514)
[77] (0.501388651026,0.378294688954)
[78] (0.414151678139,0.537303452067)
[79] (0.236189985736,0.948603885068)
[80] (0.859531560983,0.794397522813)
[81] (0.948583037014,0.845813149460)
[82] (0.770406871606,0.434491882247)
[83] (0.681447439531,0.897178615722)
[84] (0.502955498566,0.485362925218)
[85] (0.590610196873,0.431522192295)
[86] (0.324968987876,0.691680987610)
[87] (0.236036147474,0.743461523682)
[88] (0.325273568205,0.794491334912)
[89] (0.503364048045,0.794357443501)
[90] (0.229821217233,0.640858227941)
[91] (0.140460933517,0.691672163746)
[92] (0.845173606797,0.245995562179)
[93] (0.948588554249,0.640231101395)
[94] (0.413511828078,0.434489034169)
[95] (0.948588710559,0.331858091397)
[96] (0.948370605641,0.052480050646)
[97] (0.689243991617,0.143768906867)
[98] (0.051396363751,0.331851199122)
[99] (0.770422159215,0.537302315717)
[100] (0.051395197769,0.640227526718)
